-1.779822 18.151424 0.000000 -0.998289 0.058466 0.000000
-1.780112 18.146465 0.000000 -0.999128 0.025119 0.000000
-1.780096 18.144498 0.000000 -0.999966 -0.008227 0.000000
-1.780014 18.134548 0.000000 -0.997912 -0.049576 0.000000
-1.779664 18.130715 0.000000 -0.825165 -0.423506 0.000000
-1.777382 18.128739 0.000000 -0.805812 -0.522834 0.000000
-1.777044 18.127625 0.000000 -0.957153 -0.289582 0.000000
-1.776462 18.125699 0.000000 -0.971324 -0.229642 0.000000
-1.775580 18.120578 0.000000 -0.878088 -0.403462 0.000000
-1.773499 18.118061 0.000000 -0.885295 -0.311911 0.000000
-1.773524 18.116199 0.000000 -0.999910 0.013400 0.000000
-1.773594 18.110986 0.000000 -0.999910 0.013400 0.000000
-1.773676 18.104852 0.000000 -0.999946 0.003654 0.000000
-1.773599 18.092317 0.000000 -0.999981 -0.006093 0.000000
-1.773588 18.090444 0.000000 -0.693659 0.457922 0.000000
-1.776369 18.089275 0.000000 -0.387337 0.921938 0.000000
-1.776478 18.089230 0.000000 -0.682943 0.563976 0.000000
-1.777868 18.082627 0.000000 -0.884675 0.409044 0.000000
-1.780828 18.078803 0.000000 -0.650852 0.735856 0.000000
-1.784097 18.076860 0.000000 -0.566544 0.821254 0.000000
-1.786580 18.074887 0.000000 -0.622184 0.782871 0.000000
-1.789689 18.072416 0.000000 -0.711420 0.690997 0.000000
-1.792626 18.068492 0.000000 -0.894703 0.374352 0.000000
-1.793199 18.064699 0.000000 -0.940949 -0.150091 0.000000
-1.792202 18.062719 0.000000 -0.893149 -0.449762 0.000000
-1.791834 18.061987 0.000000 -0.931868 -0.345255 0.000000
-1.790859 18.058056 0.000000 -0.981634 -0.059990 0.000000
-1.791509 18.052708 0.000000 -0.948086 -0.153918 0.000000
-1.788562 18.046495 0.000000 -0.903492 -0.428605 0.000000
-1.788449 18.046258 0.000000 -0.903492 -0.428605 0.000000
-1.788411 18.046176 0.000000 -0.948045 -0.275024 0.000000
-1.787485 18.038614 0.000000 -0.982751 0.054883 0.000000
-1.788222 18.035516 0.000000 -0.954707 -0.059715 0.000000
-1.785831 18.029130 0.000000 -0.936510 -0.350640 0.000000
-1.785704 18.028791 0.000000 -0.968075 -0.161893 0.000000
-1.786027 18.016753 0.000000 -0.999017 0.041752 0.000000
-1.786276 18.012371 0.000000 -0.863875 -0.313742 0.000000
-1.784965 18.010973 0.000000 -0.729356 -0.684134 0.000000
-1.773677 17.998940 0.000000 -0.729356 -0.684134 0.000000
-1.763258 17.987832 0.000000 -0.864206 -0.363791 0.000000
-1.763198 17.986432 0.000000 -0.999056 -0.043448 0.000000
-1.762959 17.980937 0.000000 -0.836241 -0.391351 0.000000
-1.760521 17.978716 0.000000 -0.714019 -0.697713 0.000000
-1.756198 17.973744 0.000000 -0.720510 -0.691694 0.000000
-1.754980 17.972595 0.000000 -0.686409 -0.727216 0.000000
-1.752820 17.970556 0.000000 -0.817807 -0.520936 0.000000
-1.751878 17.967714 0.000000 -0.879993 -0.450003 0.000000
-1.749850 17.964906 0.000000 -0.898975 -0.212834 0.000000
-1.750570 17.960456 0.000000 -0.990770 0.026864 0.000000
-1.750176 17.956751 0.000000 -0.994371 -0.105954 0.000000
-1.750001 17.955115 0.000000 -0.902858 -0.345261 0.000000
-1.746978 17.950920 0.000000 -0.793933 -0.607329 0.000000
-1.744841 17.948285 0.000000 -0.875259 -0.428328 0.000000
-1.743922 17.944335 0.000000 -0.840183 -0.467204 0.000000
-1.742298 17.942714 0.000000 -0.706371 -0.707842 0.000000
-1.739198 17.939621 0.000000 -0.823811 -0.522776 0.000000
-1.735123 17.928264 0.000000 -0.941250 -0.337709 0.000000
-1.732583 17.921185 0.000000 -0.970625 -0.168880 0.000000
-1.732583 17.919469 0.000000 -1.000000 -0.000050 0.000000
-1.732583 17.911091 0.000000 -1.000000 -0.000050 0.000000
-1.732582 17.903405 0.000000 -0.948033 -0.221985 0.000000
-1.729114 17.896403 0.000000 -0.946130 -0.265552 0.000000
-1.728952 17.894558 0.000000 -0.996192 -0.087185 0.000000
-1.727697 17.880215 0.000000 -0.997858 -0.059012 0.000000
-1.727670 17.879343 0.000000 -0.999524 -0.030838 0.000000
-1.727588 17.876693 0.000000 -0.999524 -0.030838 0.000000
-1.727315 17.867843 0.000000 -0.999430 0.002792 0.000000
-1.727423 17.864881 0.000000 -0.992026 0.105296 0.000000
-1.728742 17.857427 0.000000 -0.985155 0.002524 0.000000
-1.728730 17.857356 0.000000 -0.985595 -0.169122 0.000000
-1.727073 17.847701 0.000000 -0.902732 -0.370836 0.000000
-1.724956 17.844669 0.000000 -0.784546 -0.617434 0.000000
-1.722767 17.842194 0.000000 -0.749223 -0.662318 0.000000
-1.720253 17.839349 0.000000 -0.862040 -0.442574 0.000000
-1.718610 17.832159 0.000000 -0.974858 -0.222829 0.000000
-1.717997 17.829481 0.000000 -0.986787 -0.136734 0.000000
-1.717842 17.826422 0.000000 -0.998717 -0.050638 0.000000
-1.717626 17.822166 0.000000 -0.970029 -0.194047 0.000000
-1.716610 17.819332 0.000000 -0.900094 -0.424845 0.000000
-1.715071 17.816751 0.000000 -0.880016 -0.472833 0.000000
-1.713845 17.814200 0.000000 -0.950128 -0.238271 0.000000
-1.713672 17.810206 0.000000 -0.999070 -0.043110 0.000000
-1.713554 17.807467 0.000000 -0.813902 -0.410365 0.000000
-1.709657 17.804316 0.000000 -0.800087 -0.507453 0.000000
-1.708808 17.800842 0.000000 -0.983635 -0.073031 0.000000
-1.709170 17.796893 0.000000 -0.989324 -0.046679 0.000000
-1.708712 17.794454 0.000000 -0.982817 -0.184584 0.000000
-1.708232 17.791899 0.000000 -0.982951 -0.183869 0.000000
-1.707560 17.788287 0.000000 -0.759175 -0.513919 0.000000
-1.704808 17.786544 0.000000 -0.589966 -0.804574 0.000000
-1.701553 17.783799 0.000000 -0.707151 -0.701474 0.000000
-1.699432 17.781242 0.000000 -0.769635 -0.638485 0.000000
-1.689021 17.768693 0.000000 -0.769635 -0.638485 0.000000
-1.686325 17.765443 0.000000 -0.776212 -0.630385 0.000000
-1.683279 17.761611 0.000000 -0.768519 -0.639438 0.000000
-1.678551 17.756179 0.000000 -0.754247 -0.656591 0.000000
-1.674246 17.751235 0.000000 -0.764714 -0.644165 0.000000
-1.671223 17.747525 0.000000 -0.732430 -0.677927 0.000000
-1.667518 17.743996 0.000000 -0.689678 -0.724116 0.000000
-1.665892 17.742447 0.000000 -0.689678 -0.724116 0.000000
-1.655398 17.732452 0.000000 -0.689678 -0.724116 0.000000
-1.649364 17.726706 0.000000 -0.776622 -0.614177 0.000000
-1.645289 17.719726 0.000000 -0.863565 -0.504238 0.000000
-1.641237 17.712787 0.000000 -0.817234 -0.570595 0.000000
-1.637937 17.708793 0.000000 -0.885156 -0.335671 0.000000
-1.637822 17.705448 0.000000 -0.999409 -0.034388 0.000000
-1.637685 17.701477 0.000000 -0.998557 0.016663 0.000000
-1.637917 17.698054 0.000000 -0.959918 0.227294 0.000000
-1.638703 17.696180 0.000000 -0.922132 0.386875 0.000000
-1.644225 17.683019 0.000000 -0.922132 0.386875 0.000000
-1.644681 17.681934 0.000000 -0.960930 0.205105 0.000000
-1.644845 17.674867 0.000000 -0.999728 0.023335 0.000000
-1.645103 17.663837 0.000000 -0.999728 0.023335 0.000000
-1.645545 17.644911 0.000000 -0.999728 0.023335 0.000000
-1.645559 17.644316 0.000000 -0.999728 0.023335 0.000000
-1.645986 17.625985 0.000000 -0.999728 0.023335 0.000000
-1.646020 17.624563 0.000000 -0.935990 -0.232861 0.000000
-1.642064 17.617509 0.000000 -0.868783 -0.495144 0.000000
-1.638657 17.611626 0.000000 -0.865314 -0.501231 0.000000
-1.630590 17.597700 0.000000 -0.865314 -0.501231 0.000000
-1.629533 17.595874 0.000000 -0.669015 -0.691223 0.000000
-1.621525 17.591579 0.000000 -0.320422 -0.933490 0.000000
-1.613793 17.590260 0.000000 -0.168128 -0.985765 0.000000
-1.612005 17.589955 0.000000 -0.168128 -0.985765 0.000000
-1.597916 17.587552 0.000000 -0.283644 -0.951323 0.000000
-1.592030 17.584989 0.000000 -0.399160 -0.916881 0.000000
-1.590112 17.584154 0.000000 -0.399160 -0.916881 0.000000
-1.571865 17.576210 0.000000 -0.399160 -0.916881 0.000000
-1.566947 17.574069 0.000000 -0.399160 -0.916881 0.000000
-1.553618 17.568267 0.000000 -0.399160 -0.916881 0.000000
-1.545038 17.564532 0.000000 -0.462244 -0.883891 0.000000
-1.541331 17.562243 0.000000 -0.525327 -0.850900 0.000000
-1.536831 17.559465 0.000000 -0.525327 -0.850900 0.000000
-1.526627 17.553165 0.000000 -0.578574 -0.813008 0.000000
-1.522086 17.549463 0.000000 -0.631821 -0.775115 0.000000
-1.519424 17.547293 0.000000 -0.541599 -0.833724 0.000000
-1.511535 17.543303 0.000000 -0.451378 -0.892333 0.000000
-1.505768 17.540386 0.000000 -0.451378 -0.892333 0.000000
-1.502995 17.538983 0.000000 -0.546666 -0.829538 0.000000
-1.500670 17.537037 0.000000 -0.652773 -0.757419 0.000000
-1.498367 17.534993 0.000000 -0.493838 -0.847062 0.000000
-1.492823 17.533094 0.000000 -0.169559 -0.972958 0.000000
-1.489913 17.533051 0.000000 0.244844 -0.931585 0.000000
-1.487629 17.534386 0.000000 0.504720 -0.863283 0.000000
-1.486147 17.535253 0.000000 0.640424 -0.746930 0.000000
-1.483575 17.538418 0.000000 0.824228 -0.559748 0.000000
-1.481953 17.541312 0.000000 0.872329 -0.488919 0.000000
